PowerOutput:.1.3.6.1.4.1.31735.100.1.2.0
Modulation:.1.3.6.1.4.1.31735.100.1.2.4
PowerReflect:.1.3.6.1.4.1.31735.100.1.2.1
Temperature:.1.3.6.1.4.1.31735.100.1.2.3