PowerOutput:.1.3.6.1.4.1.31735.3.1.0
Modulation:.1.3.6.1.4.1.31735.5.2.0
PowerReflect:.1.3.6.1.4.1.31735.3.2.0
Temperature:.1.3.6.1.4.1.31735.3.4.0