PowerOutput:1.3.6.1.4.1.57170.0.2.1.0
LevelSound:1.3.6.1.4.1.3.2.1.9.0
PowerReflect:1.3.6.1.4.1.57170.0.2.2.0
Temperature:1.3.6.1.4.1.57170.0.2.30.0
Modulation:.1.3.6.1.4.1.57170.0.3.1.0