PowerOutput:.1.3.6.1.4.1.27993.5.9.1.3.1.1
Modulation:.1.3.6.1.4.1.27993.5.9.1.3.1.8
PowerReflect:.1.3.6.1.4.1.27993.5.9.1.3.1.2
Temperature:.1.3.6.1.4.1.27993.5.9.1.3.1.7
NominalPower:.1.3.6.1.4.1.27993.5.10.1.3.1.5