PowerOutput:.1.3.6.1.4.1.28142.1.300.256.256.0
Modulation:.1.3.6.1.4.1.28142.1.300.1025.291.0
PowerReflect:.1.3.6.1.4.1.28142.1.300.256.257.0
Temperature:.1.3.6.1.4.1.28142.1.300.256.271.0
NominalPower:.1.3.6.1.4.1.28142.1.300.256.4167.0