PowerOutput:.1.3.6.1.4.1.31735.100.1.2.0
Modulation:.1.3.6.1.4.1.31735.100.1.2.6
PowerReflect:.1.3.6.1.4.1.31735.100.1.2.3
Temperature:.1.3.6.1.4.1.31735.100.1.2.5
UpTime:.1.3.6.1.2.1.1.3.0